485
4064
5253
4984
4525
5105
3984
1569
2967
3921
1026
1352
4122
2236
1015
5925
2558
5898
4815
4979
523
2908
4626
4426
363
3255
531
2545
481
1093
1637
161
2289
1730
3069
96
5279
4324
3503
1113
3882
1613
182
3687
5992
5464
142
1725
110
2026
733
1614
4083
5679
4093
5582
1423
1781
4694
978
5248
3562
4364
5459
5634
3477
5580
2453
801
1771
1254
3732
3014
2311
4520
843
3707
3472
4283
5600
2542
4267
3649
649
2209
2914
4224
5093
2328
247
4103
5695
1357
213
2423
4857
5365
5501
464
2178
1492
3468
3828
5090
890
4582
5493
5403
1494
5877
5022
1454
1513
4403
5210
3923
3486
1858
4431
5137
647
3721
2549
4753
4327
1632
4560
1617
5639
4894
5842
5034
819
405
1336
5537
5775
903
479
5636
3429
902
2059
4391
288
5922
4920
1131
614
4795
1121
586
1764
3083
3688
1826
3199
2648
3408
4084
5386
5438
5454
5652
2284
3335
3187
1436
2134
5541
3229
5275
5946
3730
4571
4578
3723
365
3385
1887
3551
3765
557
1953
1621
5240
3541
175
5317
4587
424
4299
564
5288
738
1595
5126
2286
2653
5889
2229
2475
1585
1233
2703
1329
1989
4908
5779
1871
3070
394
857
5502
1166
1221
4807
1433
3060
4598
2689
2580
532
4417
5538
173
4121
3925
888
2650
4499
2233
2182
1107
138
3311
1792
2085
3534
4975
4637
1598
4314
2508
5929
4931
2325
3237
2238
4557
1885
4784
2199
5512
4474
1116
1007
2201
4027
4895
5164
2783
1627
1058
2483
3145
4465
100
574
4259
1673
3266
40
1264
4105
706
4108
429
4197
933
1283
952
5819
4889
2718
632
4788
2683
602
2122
473
3542
1458
4613
5873
3349
5804
2939
3902
5418
4297
1954
659
5806
1521
5968
751
5144
5140
4964
4330
5252
3291
1099
3579
1308
3752
5351
4677
1070
2876
3881
4914
5372
4291
844
4448
4088
4731
2389
2107
3857
2890
1021
5180
1143
670
3015
5380
1936
5138
3490
947
5662
310
2471
4443
2992
2861
2038
1268
4475
5936
1209
3553
5834
1347
5562
3501
3651
498
4180
4134
1348
3258
1192
1506
2068
4222
923
2855
2731
1094
2973
840
2399
1765
1789
5318
4666
3565
5857
1482
1529
5712
1444
2033
3826
3819
3500
2704
2320
1215
1029
1045
5286
190
2712
3669
4639
3528
3776
4565
4042
2240
4621
966
1440
11
3130
4243
2655
1377
3166
1487
2315
3374
1821
181
1011
5966
4051
2436
187
2154
4325
95
3071
3241
366
1049
5605
1794
1310
2139
321
5700
2306
2093
4828
2692
3905
4548
2518
800
1398
2664
4775
611
992
4190
3728
1817
3877
3334
16
3108
4150
5397
1805
3306
3808
4682
5006
2125
1854
555
5156
4338
891
5704
5428
281
1367
5295
4028
3974
3747
3116
83
3406
2304
3155
618
5374
5067
4272
1561
3698
2636
1262
48
551
1350
3625
60
2485
5730
2404
4853
1680
964
3867
3652
4858
4478
2756
1208
5130
1266
5390
1465
5147
3195
1731
3254
1076
2301
3217
153
1849
5433
4759
708
2101
3264
4872
5030
5583
1391
2719
5163
563
3057
1493
1714
4594
4305
1917
1508
3936
51
2672
37
3740
2416
2937
2946
1314
4932
1684
854
5490
4471
3608
3989
3682
5781
340
2591
2844
5316
159
506
805
2730
664
3164
5401
4974
1203
1531
3753
2583
1538
4323
935
2157
5792
286
331
3563
560
2573
4044
2843
5939
5956
4378
3569
2174
4840
1616
5903
5532
5655
939
3531
3814
4289
3120
4669
5640
521
524
200
4097
2442
1155
1175
3837
5696
1082
1612
1106
999
353
4802
1437
901
2534
1279
5039
235
2588
1768
1178
2239
145
3958
5287
5004
986
17
2133
311
2676
1134
5964
4829
1389
4290
841
3105
3855
5076
3218
3525
5266
3337
3308
2086
4117
1036
5106
3267
2639
369
5546
155
5192
3333
2192
27
4651
2150
2331
1562
322
1491
3764
5919
3397
3261
5831
1104
1502
4910
4491
2099
3532
3851
3126
2810
2402
2007
5703
1820
4767
4821
925
5460
1728
3928
2749
2608
802
339
496
5132
4721
3342
3123
5969
4873
1762
1412
255
1366
2606
2465
4263
4132
4095
2013
5366
1250
4843
688
4563
1418
824
3127
431
2258
5838
4804
3927
1518
5900
4822
250
3156
2912
4409
4466
2400
3750
1643
5544
5801
5732
3949
5733
3466
4584
4508
4743
217
1072
3538
1008
3972
868
5724
4033
4279
1704
1526
921
2857
5008
1381
3100
1544
4780
5598
276
5875
5746
3839
3667
734
2160
1499
591
3874
2622
973
2212
2117
5883
3491
3274
5828
3853
2050
228
4178
4422
2056
3016
5154
1860
349
1184
1949
3220
415
5818
5112
3635
1851
3462
3059
2963
645
780
5408
226
230
3520
2619
3735
2369
2512
3111
657
1721
5906
1568
4063
3666
594
1548
944
983
3892
3783
5539
4434
1783
3919
3021
1147
5283
5371
4530
5243
2698
352
3769
4900
1149
1151
1758
1921
2078
2590
4874
5066
3910
565
625
1591
5731
380
4089
1274
1144
1164
3620
3878
1238
3729
1985
1674
2118
5308
4355
4510
3358
5558
539
5848
30
364
4381
5388
4303
488
3494
2560
66
4194
1359
5774
1655
1163
3018
1138
2380
5808
3475
3215
881
5884
184
5797
3050
3413
522
4068
3132
3779
768
4852
260
5542
3664
3303
1945
3964
4787
4046
1129
3791
3521
2922
4631
3597
1622
5572
4823
4463
1997
719
5142
3584
5018
794
1524
425
3443
2864
2709
1797
1751
346
3847
2041
2428
4999
2900
1320
1836
1240
169
4278
5481
4099
1312
214
450
1717
1557
1338
308
3959
5227
5597
5402
3895
1289
4196
5013
533
3897
4718
3401
4938
391
646
4071
279
4504
1090
4545
4940
470
1891
1552
2437
3285
3817
842
1211
4531
162
2334
2713
121
1690
2603
80
3024
2577
41
3368
2791
2472
3638
2800
3547
1152
793
876
3141
5890
3803
2559
1073
420
1790
2871
998
2069
3807
2553
812
4369
4893
5258
5328
4803
5785
2355
2999
4662
3035
317
4966
2767
5168
5933
421
749
3891
1309
4790
3242
5257
5217
5023
1822
2039
1802
4107
5456
644
4918
4371
1330
5003
204
3637
4855
371
5865
3377
4420
5463
4258
3922
3940
4606
1688
628
5496
1198
5263
1587
4534
2006
5068
5016
5369
325
225
3106
4551
4529
934
462
167
4856
4390
2001
2801
1202
2002
3078
4153
2932
3736
4581
4021
2225
1407
4833
3146
5078
1303
3286
4015
5909
3375
2954
5914
2635
5029
3741
1837
769
910
882
2700
305
2597
2626
5241
3749
1876
1818
2747
5711
5190
408
2863
3275
5050
65
5255
4533
1724
750
683
926
911
395
1974
5599
4667
1661
1447
4758
5743
3159
5443
3042
982
1555
5944
2450
3976
1231
2406
3815
3063
13
3739
4977
1523
3210
3805
4949
2351
5321
2845
5444
2629
3931
4343
5762
4946
1470
267
385
2995
4006
3196
4643
1023
3043
4072
643
2708
1337
4175
1608
5228
210
1503
5159
5222
3188
2898
3393
2915
4182
1356
5189
4210
426
3985
4566
146
5912
4337
2544
1955
3051
4608
3193
5829
1328
4645
2499
1056
5658
4816
4157
4264
2661
3823
2237
111
338
962
2668
3317
4719
109
2815
2271
4671
5791
2287
3252
3029
4399
5931
3281
2040
1089
5127
4925
4451
107
1180
4412
2433
2921
2772
5892
959
4496
1687
1235
2646
1010
5589
2957
5669
2841
3754
2148
5421
541
4742
2554
5758
2487
1079
23
1485
1828
1386
3200
4906
5429
948
2600
5947
5214
1032
773
4358
3174
1906
3421
4849
2694
5136
2615
2290
5891
4495
2257
89
4022
1317
693
4076
5555
3594
505
2439
5659
2429
1796
2529
1718
713
5607
5167
828
4184
4461
4774
5479
5878
1434
2417
1481
4955
930
5788
1745
512
2200
2952
4524
2532
1295
390
4748
47
2255
4437
1847
5960
5088
5484
5182
5119
3743
4927
293
1738
1895
3648
4457
183
373
4096
4288
3611
3221
895
2215
5858
4902
2949
5623
5220
5053
333
1984
4796
4159
860
616
3435
131
4166
2185
3314
1480
4754
5037
5738
1584
5523
3871
984
34
5331
3093
59
1668
4708
548
2834
2116
3777
5862
3513
3849
4345
1638
1951
3793
5482
4806
4045
5802
4440
511
1408
4340
5987
1197
5749
605
2302
3899
1387
3844
3617
3064
1292
5245
673
552
2120
1342
4365
1457
4135
2625
1512
2805
3445
2899
1477
209
4054
5297
55
409
5234
1601
4113
4970
1135
1904
1378
5208
499
5409
5322
595
304
400
540
2917
4199
2119
3345
5663
919
5561
4349
5904
3693
5073
1748
737
3987
5107
2706
4542
702
3411
1373
697
2330
5133
1905
2194
2903
3329
1799
2084
2186
1590
4577
4257
3973
1971
4607
1977
14
3268
4568
2190
4950
2197
2319
502
388
319
2647
4056
1729
135
3260
2853
1060
1290
2235
1635
4820
637
5473
2
2909
1888
4430
290
3302
2936
4649
1004
475
2171
1069
1365
727
5565
3790
5721
5254
4092
2044
5155
4992
781
2533
4617
4602
327
4567
1018
3165
5840
3868
2336
403
376
3708
5278
2365
2575
1919
972
806
1272
2874
2488
5540
1683
2187
4745
4398
1449
5340
2206
2024
5299
5114
5117
241
4734
4922
315
3661
5080
2854
4127
5100
3091
4161
227
2061
1763
3256
4725
1025
3831
4685
1884
4070
1047
1511
3981
1578
28
2136
3114
743
2307
4812
5059
119
2463
5979
4152
2760
3488
1459
4377
1066
2401
2630
2991
3080
2128
2052
1675
5211
2869
4971
316
912
3576
5447
2681
3010
3527
1428
3434
501
5435
663
1288
3381
3515
1994
2348
5888
916
3048
3197
5313
2223
4770
5205
2511
491
5811
2934
3400
786
160
5509
3887
2326
1321
2947
2452
5853
4011
3556
4697
2281
4546
1838
3715
1241
1340
866
1497
4041
356
4453
5666
4023
1067
5993
5612
4482
4765
636
4209
2506
3249
1593
5064
641
4609
124
2479
4414
5339
5079
478
5951
2790
3391
3685
4112
1471
3194
5518
5548
2571
1681
2476
3866
5826
5332
634
4366
2877
5425
1697
4558
4026
3639
3686
2208
3977
5851
4131
2657
4318
1153
2180
4716
1014
3357
3593
2894
938
3674
1127
3133
3575
2818
2149
5177
874
759
3055
1641
144
3678
785
3150
4834
1580
847
721
1323
5554
2003
4477
2167
4952
4436
3137
709
809
1793
33
1431
427
441
127
3402
1639
5378
1061
3499
5122
2491
1510
139
2522
612
3354
5625
2377
3112
2520
1353
2027
3246
5442
4201
3713
5040
1380
4616
5376
3062
1948
577
3842
1214
5527
4498
3711
1634
5083
5219
2976
215
3414
791
1509
2944
4811
1941
4331
3709
4078
4891
2736
3731
4411
2882
878
4408
848
5606
4896
148
4171
2516
2720
4169
3496
3952
3836
2217
5603
2256
2014
553
3366
4271
1176
2972
2707
3696
307
3673
4405
3917
5604
1853
5593
4585
1588
4824
963
4642
653
98
5795
3404
4656
1950
4104
601
1074
1313
2296
1909
3900
889
4002
3004
3038
5511
3516
755
43
1102
3748
2928
579
4881
4735
422
2552
5157
1712
1048
729
2030
2062
835
1133
3988
2457
357
5803
4013
2413
5796
4275
4919
1278
3007
3778
627
922
2388
46
2799
3641
5415
194
1191
56
2994
5882
5344
2155
5204
1534
1787
3074
4334
2831
3795
4627
3497
3392
2663
5488
2427
3152
5312
4730
1605
3621
2710
1551
4696
88
4564
1761
4959
5170
741
4619
3645
2381
2231
4660
3422
1873
3240
5981
3517
389
3170
4126
2998
4293
3098
3426
3139
5765
265
1252
3950
4712
3720
1111
5613
3148
5524
5300
1109
4226
5249
4268
370
61
807
2161
2539
5601
1852
1261
2774
1141
3862
2968
2441
4983
5615
3549
3734
3510
1193
4373
1327
3592
456
1609
32
3090
29
2016
1619
2461
103
2049
21
381
2714
4813
3552
2593
2166
5337
3695
4647
804
74
4407
5060
3387
2887
3319
2291
3850
4611
5995
3966
2835
1092
2727
1464
515
4441
368
3947
3205
5574
2234
1734
433
4202
2105
4253
2279
5908
2260
3326
392
3485
5166
231
5336
1478
5265
4119
3581
583
3206
2010
379
4957
1664
4040
5602
1535
97
3340
2414
2458
4868
2829
674
5230
5423
1737
4580
4599
1653
5962
5698
3523
914
4615
500
2945
851
1801
3907
3088
1829
1257
2495
2198
2955
2820
5121
1743
5756
2309
5152
3463
682
3040
2788
5835
4277
4416
3634
3037
4352
1227
3001
3508
4080
3316
2787
4733
3869
2873
4101
211
5726
5901
4553
3548
2997
3251
681
2798
2941
2624
4149
5419
2063
1603
5341
3991
1400
5124
2288
2470
5970
4939
19
2112
3297
5683
406
4936
5172
3236
2104
970
754
5015
5522
3557
1078
4844
3167
3681
1271
4954
2702
4310
320
2631
3125
3283
5024
5277
4596
2604
3324
347
5771
4410
580
3304
4555
4728
3179
2711
5846
803
2009
3619
5649
1446
4678
5302
585
4139
5697
4924
4636
497
5687
5678
5323
3798
3294
3714
5209
2498
2807
245
152
5216
5854
3450
732
1699
2338
5485
2419
2527
3799
658
5965
5118
5717
5646
2277
4167
5845
5619
5310
2627
5497
4307
2230
2191
5957
3395
4419
442
4469
639
4793
2925
596
1944
125
2343
3612
136
2572
3559
1105
3935
372
4384
1476
2447
2163
4154
4372
675
4480
2870
1456
635
5798
2514
3810
1767
5770
5977
282
3655
3953
2879
3399
1253
3352
715
4413
5690
4185
2634
1611
1795
747
3683
1957
5752
4988
3760
1922
2115
937
2478
2833
654
2176
4522
5569
5817
5940
4722
1640
652
3544
2263
1723
831
2901
5355
2431
2796
2565
5954
4418
5520
5276
2667
4357
197
4016
4262
4198
5701
1563
44
2454
633
5567
3601
2822
5477
490
4675
5412
5462
2046
2733
1839
1567
430
5032
4777
5213
3301
2904
2089
2940
940
2321
3181
5677
4705
2891
4067
3737
2804
2779
3259
4976
1780
1676
5592
2299
4165
3099
3813
1710
5081
2143
3755
2282
2473
5025
5656
3834
3417
457
1479
5579
3872
1324
4146
5014
2035
880
5847
5794
202
4909
5361
4668
3284
3780
1474
2907
1277
4208
2415
1807
4882
5027
1334
5097
4944
1549
3373
1080
1930
2189
1774
5868
695
459
4008
5576
3298
3560
3444
3201
4572
2412
1879
1707
3396
5455
1020
588
4579
1775
1205
5938
5010
1872
1583
753
4501
5591
5897
399
252
4997
134
2562
945
2723
1270
3997
3447
313
269
4961
4111
1091
1845
1754
5736
277
2792
4401
4899
4389
3263
558
3843
648
2752
1046
946
5787
5588
3082
5229
534
5776
3756
5926
5420
8
5483
2391
3492
2378
1554
752
5650
2856
449
5028
3782
4406
1276
222
572
2350
5353
428
5976
1935
4012
4346
968
853
4455
3115
5517
2269
5303
2568
5585
5009
4120
4424
4261
249
1055
1422
1982
883
180
4710
949
630
5671
1362
1088
466
2670
4948
4778
3978
1006
4383
4007
4353
2984
1298
4048
4242
3932
4783
990
1325
1660
3318
4206
5777
130
830
5158
232
3039
4452
704
5051
444
4892
4995
5764
5305
402
1669
1747
1388
2073
954
2314
1740
1319
556
3536
3289
451
2211
404
5967
2842
49
5102
3331
2360
5871
4282
5056
1902
1571
221
5978
302
5595
2515
3053
3610
1701
5017
2742
3812
5535
4729
20
3920
411
2456
4800
1249
330
3624
3180
4715
423
4266
5274
2561
798
1800
258
1999
4069
469
1863
3430
6
4805
1662
518
2000
4245
3794
817
268
3789
2385
4321
174
4664
5689
3347
2295
4832
2673
2080
1224
1943
3495
439
792
2070
1415
2770
638
1195
5980
2848
2858
5632
5874
334
1784
2051
1645
2480
4009
4749
5499
1735
4912
2196
5508
114
1766
5215
4156
613
259
671
3555
5494
1455
5641
4488
2443
5320
5358
2982
5935
3967
5989
5722
120
1514
1679
7
4100
4630
2420
562
4592
4657
350
3889
1788
4904
1293
5566
2484
3725
5135
2042
2058
5020
1700
2592
4797
5886
2164
3322
3441
4375
1335
4335
2771
3537
5198
5413
816
832
2989
4980
78
1708
2510
3618
3785
4000
3460
2214
3052
2469
1926
892
4172
4854
4515
4771
2576
5139
5250
5688
1900
3425
5893
336
5268
5110
1525
4686
3290
924
570
1243
84
1841
2147
137
3786
5304
3883
383
2108
3423
1574
4333
2696
5367
1173
272
1384
5141
756
2418
1665
4195
5841
1952
5235
3041
5660
2097
4885
3829
3706
5927
3225
2029
5713
573
3703
4456
4846
2595
2579
2884
1100
2379
248
1776
5048
4094
4591
764
4511
4029
3433
3110
374
4244
5207
3418
5475
985
2911
582
5533
3451
1265
2517
4772
4947
5975
1255
434
5238
1316
5416
1484
2025
2210
5718
1103
2132
4661
337
2674
4516
1439
1223
2364
974
3075
4102
5357
899
2094
141
2679
1689
1095
3629
5715
1413
1862
3109
5360
2096
191
4433
2474
3456
2018
292
961
4791
3535
5194
862
4960
3362
2795
4235
3606
2960
1040
2699
2274
5608
5617
2462
1123
1498
3239
3632
4768
3438
2501
2728
2557
419
3800
3390
3930
4595
3272
1870
5526
1194
2824
2638
4538
4973
909
64
172
2262
1516
2794
1213
5719
5430
460
545
4830
4118
811
2032
3771
4130
2531
617
2083
4930
1062
5570
2159
1161
4370
1016
608
5631
4862
1682
1469
4487
1889
39
680
4663
1000
284
5223
2812
5432
2130
4519
5869
2803
4214
2267
1177
24
2819
3643
5945
5042
2754
3770
4738
1720
4109
3449
484
777
3369
1696
5789
814
5837
465
1522
4404
5907
4059
1596
5827
2082
2183
1281
1809
1297
1119
2137
5852
873
3519
5984
3888
3992
529
3616
3970
5872
590
1299
5651
36
2216
2316
549
243
2312
3008
1287
5963
5381
4228
3097
1736
4646
4625
1545
5471
5742
5611
2110
5045
4724
2395
5364
4176
117
314
1940
2305
4158
2920
2782
2690
5793
4300
3325
3467
2780
1713
4600
5772
1438
3364
4915
3975
53
977
1410
4432
26
5911
4505
299
118
432
987
3356
619
158
2596
2370
2278
5905
2111
472
796
4514
329
435
1035
2687
993
3529
5096
5974
1739
724
4517
815
4683
1251
2757
4921
1864
4541
3372
5491
3615
3270
2688
3243
2769
5091
3213
3149
3341
1064
3773
5972
1450
454
4655
2242
2933
3861
1169
345
2102
5044
3293
4049
1880
4079
2886
2587
1786
4720
2303
5714
5436
1426
3296
3288
5196
3938
3479
73
1128
5543
2346
1382
5991
3086
2678
3234
5440
2547
3561
744
2605
5052
3173
2589
5176
3587
377
592
863
3277
5392
4085
3394
45
928
463
4681
1750
4808
4650
3650
960
5648
5224
1868
865
1242
239
4239
4227
3066
1962
5633
2468
2034
1577
3177
2938
5382
5375
4001
5406
2142
2682
4583
2530
4929
1159
846
448
5782
198
2846
2878
1237
1411
609
3209
2762
4429
3626
600
71
2031
4640
157
5394
4762
5231
4953
5151
4255
2425
5487
5985
5590
2582
3292
3550
931
2294
1882
5046
4138
5986
2567
3212
4217
5552
799
1087
4497
218
2005
5692
2906
1420
503
4887
4612
1866
2500
5627
5675
5057
5754
620
1226
3913
2613
1550
525
2852
4400
3852
52
4838
5077
2175
4464
5860
762
4689
1086
4550
2979
4125
1472
5342
5272
3278
3282
1716
393
4965
5007
3032
5309
1855
4693
2371
5466
4036
2170
5825
5667
3332
4256
4502
1929
739
4653
3945
3353
4835
4879
797
1222
3801
956
1594
3027
2881
1248
5729
3382
3998
3909
2599
2241
3228
1294
116
4917
2503
1572
1125
2347
3854
1515
5506
297
4216
3117
1053
1857
2113
2743
1543
1582
4968
1666
1678
2621
1916
2888
1033
1427
3566
5958
915
686
3762
2228
3960
5642
2363
4116
2660
3943
5115
193
5866
5665
3409
2832
4246
3689
705
871
295
3712
3224
2045
5899
2505
4526
2375
3204
1417
5343
2585
2353
289
3668
3822
951
5145
1101
3933
354
5474
4106
1027
2965
5262
2193
3929
5085
1351
5186
1628
4556
2222
129
5011
4295
3846
3961
1654
4993
5448
4998
3672
2797
1354
1390
5480
5515
4142
3796
240
254
685
4284
4622
1041
4363
5551
1527
3489
3480
4055
5587
4319
412
4053
3389
538
3034
2784
4766
527
257
2081
5019
1759
2519
332
5414
1597
2251
2219
4082
3858
3119
3818
3192
1913
5201
4362
4050
4344
4513
969
2581
4573
3386
1304
5062
513
3613
4215
2802
3906
1869
5859
2761
2012
1500
5723
1507
3983
5404
4301
1409
1017
5232
1256
1210
4435
3870
5647
5153
3191
2523
4986
2270
4160
3067
703
597
4249
5347
1488
1560
566
3787
894
2753
2204
3458
1110
1170
1846
5586
5291
837
4597
2758
205
185
1028
171
2776
2737
2528
1425
1565
2821
3442
5699
5571
5359
5504
2011
1052
1610
3355
4240
3518
896
763
1179
1907
4928
4265
2574
1218
5470
676
3675
979
1946
5012
4539
2310
128
1911
917
2383
4133
528
2109
4913
5319
5290
4543
5694
707
3912
4230
5849
1363
2586
5160
5930
5162
5727
4648
2781
5422
2918
2146
122
4692
1811
3134
5867
905
1844
4554
4890
2440
1182
2958
3759
5549
4061
2548
2405
1539
1005
3571
4863
742
3107
2323
3766
2956
1171
2356
1602
2959
1124
150
1376
2786
351
126
2438
941
262
906
238
2693
5626
275
5175
4982
166
1833
2616
4747
3419
3439
487
5411
5264
2095
306
1136
4382
5086
5741
3859
720
3102
1346
4468
1442
2254
1424
5934
5961
5609
70
5327
68
5293
5910
5516
5036
344
4866
1623
208
3915
4326
3175
4969
5881
5510
642
2722
2793
2372
2929
3474
1976
2373
1959
2292
3719
3271
1063
927
5458
3065
3370
5450
2036
3636
3875
4174
4188
4458
436
3044
669
1576
3591
4701
105
2015
5810
2172
829
1019
2649
1504
578
5452
1988
3726
5486
1599
576
1686
4706
1414
2746
4493
5461
188
3457
4220
2739
4361
1897
5069
378
1778
758
195
4
877
5035
1918
2570
2374
4073
2724
3185
2131
1282
4341
382
3453
3189
2919
820
2837
5805
2526
2538
3820
2827
3691
5368
4586
1132
2259
5495
4200
4532
1657
2384
5952
4336
5507
4005
1861
5131
199
694
3280
698
587
5082
5923
5707
1840
3026
3914
1339
1160
2074
699
2701
3483
509
1827
3244
2865
81
1537
87
2221
3299
4219
3049
1536
273
4848
850
1112
2656
1970
1647
2620
5389
4236
2950
4066
5616
5855
2550
85
745
5685
1003
3003
2740
3230
5784
1369
4137
2466
5225
3056
3969
1114
2202
1886
5161
178
1528
1406
2924
537
1081
4819
4773
867
3121
4454
858
1075
2266
1896
4014
5146
3343
4672
4306
3539
94
2617
2129
3577
5519
4129
5573
5823
4593
757
3459
3025
287
1914
2895
810
2759
4057
2342
3585
298
443
1848
3363
18
3957
4670
3596
4880
296
5885
397
5943
2555
5578
25
4827
3440
3361
2641
1769
1174
5113
1361
2126
453
3231
2486
1629
132
5125
778
4751
3313
1501
4231
4907
1815
375
163
4047
3942
3455
2883
1172
3758
4450
1220
4786
3023
4792
3980
1
3216
4659
3690
1894
976
767
82
4485
3602
1652
5635
4302
2482
2942
2923
3309
2504
2971
1867
5383
1898
5949
3811
1808
1156
1986
2243
1038
1162
3934
2866
2492
5521
3622
3465
5021
4850
2809
5239
2977
4859
1772
1140
650
3047
730
2748
4136
4091
2684
1975
1547
4128
1649
783
4869
825
3924
748
3830
233
2151
4339
4141
2264
2411
5620
2640
2521
4610
5047
1421
1273
5311
4386
651
1533
514
219
3990
1968
1394
5199
2962
4304
3154
4746
510
852
1489
1633
2563
5306
2493
3733
5653
818
57
2990
5049
1573
5896
2666
1770
3058
2986
4148
1379
3832
2556
5705
192
2601
224
2426
5391
4756
1606
4620
5821
3415
1001
5417
4035
3160
5191
1296
1672
5407
1139
3657
1402
2705
1374
3876
5725
5564
3359
1445
1859
4737
5038
3431
980
242
5377
4851
3767
4207
2173
2910
3665
4781
1002
5260
3379
1727
3680
2969
2283
492
2091
414
2127
5833
885
3704
5472
58
5982
355
1490
1167
1791
5557
3590
4368
2308
4223
1085
5242
3710
1401
535
5739
2339
3824
5920
1217
1646
784
220
5197
2409
5292
1190
660
3568
3993
3623
2775
4459
2536
2446
520
2489
2205
4549
4374
4170
4942
2623
5706
4818
5568
3816
3344
4204
5437
4996
774
2327
2435
154
3948
2067
4801
3864
3607
953
2244
1893
4528
4395
5354
4570
5457
1966
2566
3628
839
3103
1910
3248
5000
5188
4503
1057
5744
4717
1030
4798
4509
2318
3827
2695
4945
1065
678
790
2785
3738
133
5863
3768
1541
3142
3140
2961
4173
1850
1042
5221
4428
3845
164
3321
2444
1258
544
5478
104
665
5959
584
2817
4162
458
1200
3279
474
1050
5284
3006
335
886
3233
440
2651
2607
3894
4713
5790
5767
5680
1154
3182
5621
5314
1333
4810
4020
3232
2359
93
147
467
2996
929
5001
1592
2390
5816
508
1059
5103
4151
5953
3524
1651
872
401
3138
3722
3646
1615
72
4351
4187
569
2332
2734
3595
4473
4115
1642
2367
5734
3879
689
5766
1630
1432
261
3454
4052
1483
1746
2335
887
2162
2121
1644
1234
4836
4075
4559
1834
2207
283
1934
3022
1397
1741
480
4629
4024
2525
989
3384
1993
5716
3124
1753
4935
4332
3558
5041
3427
3017
170
5063
1835
2481
4356
3151
438
4561
2181
1146
5528
1706
845
3543
2830
2432
712
554
1285
3809
4479
1168
2103
2246
5026
1546
4709
5753
2144
63
836
788
2569
2345
2247
567
309
3265
4276
1656
1043
1232
2188
1819
1204
1012
2614
5917
3586
3971
3131
5071
4354
2422
1430
38
1236
1189
5099
1118
4247
3918
4740
1877
4779
3307
1157
3533
1115
4634
4875
3963
2494
4590
1981
4628
62
5971
5393
834
5735
1345
631
1083
5630
418
3937
621
3081
4489
3247
5206
4017
5708
4901
4623
4990
1034
4864
3310
3578
4739
5087
2354
278
1711
1878
2838
1461
2930
3599
2880
5400
5387
1307
1443
3609
5373
4782
2455
3002
5294
1448
3320
312
2578
1452
1709
1965
143
3227
2985
4218
3727
4614
661
3962
3886
4252
1429
2974
3986
4601
4845
1460
2828
5778
4019
5345
5259
3122
5282
4460
3509
4937
4726
3911
4421
629
2675
1496
770
3860
5326
5120
1998
4569
1286
4425
4987
4060
452
5674
4342
2017
5031
1933
4221
5575
5686
2814
2826
2075
300
5757
996
1315
2227
1196
236
4225
2261
92
5492
2885
386
1636
5505
323
4316
5108
5128
3169
1604
5165
1703
4003
3583
981
3885
3697
1375
3327
761
3262
3416
2276
5256
3574
5529
4544
4074
2697
5269
1467
2867
691
5169
2114
4309
1915
2362
1393
2823
4087
3028
2513
4394
1881
2847
4470
5384
5983
5769
2459
5654
1108
5218
2340
3670
5399
2252
2726
229
2344
4972
5902
1650
3647
787
607
5786
5061
546
3171
256
2008
684
2931
4757
362
3751
1556
1158
4312
437
3904
251
4861
4367
3514
3473
5921
176
776
5362
266
2168
666
3781
4884
3873
5296
2275
655
4065
5843
4233
4633
3677
5915
3
5195
1939
1301
2152
5536
5330
5861
4673
5664
5751
4711
2060
4886
1120
1757
112
1823
2927
168
4392
5116
5644
4644
2298
1883
3684
1843
2729
3031
1084
2043
3996
3890
5338
3338
3833
4397
4574
771
2092
4251
4098
2778
4308
4923
598
3158
2177
1122
4860
2076
4034
4211
3545
5832
4234
1830
196
4043
4695
1658
1586
3300
2612
1659
2849
471
156
4898
67
4951
4359
3633
2088
2913
1071
3589
5800
3235
589
3172
5244
6000
692
2421
2926
1230
740
4058
3507
4439
4186
943
3184
342
3383
5643
5525
904
2543
3162
4903
1463
5584
726
5691
3365
4755
1570
696
4483
571
3219
1756
2859
4809
3269
1306
1054
270
359
795
1931
1077
4978
1486
4438
2659
445
3955
5996
3045
1392
779
735
4183
5363
4269
1098
3273
2382
2410
1326
2816
1824
5346
1694
5212
1530
76
2540
1396
4376
3502
1990
2685
2763
3464
667
3968
2751
710
5184
5005
1773
3856
4991
1416
1667
4776
5356
5750
5887
5150
3702
1150
4140
123
3176
3863
3076
561
1505
5997
3705
5385
677
4191
908
1972
700
5973
4870
4847
1825
1925
4769
2862
5325
5237
4062
2584
4603
3774
1199
1705
604
1842
997
3376
4294
599
1475
5236
1145
5809
3161
489
3498
2669
4030
2642
4328
5109
623
5301
3398
2811
4727
5668
1626
1983
2988
3079
3896
2889
5990
2358
2839
2497
1051
3436
3841
4958
4785
5289
5682
5998
3821
5693
4536
2064
4789
1722
2022
264
4624
1812
2851
1991
2680
3336
303
5202
3084
3428
5396
3085
3656
5629
3965
3202
5426
5350
3482
2057
5864
3954
3005
151
5465
246
4446
656
2397
2213
3614
4238
1343
3717
4360
5379
3452
3999
3653
2253
5178
4347
2226
2768
4916
2935
1239
2987
5348
1517
5002
494
2434
2054
723
3208
5193
2738
5129
4462
1973
2313
1344
4760
626
1468
3848
2224
5553
4472
5824
5075
2948
3662
1013
1137
3315
54
2037
4110
4691
4402
1225
3640
2124
1024
3118
140
3908
4449
50
1777
1142
1451
3745
2717
5334
5498
4192
3207
4985
5547
971
1760
4320
5563
5261
1832
1372
4232
5281
1185
1969
75
2981
3603
4877
1201
3096
3036
3312
4842
3054
2745
3982
285
280
5247
827
3806
2324
291
3478
1958
775
875
2715
3631
3068
4576
5445
5839
789
5747
1963
1259
5315
5950
1624
5280
4956
5594
3840
5531
2618
1291
3804
5955
3476
2322
4641
547
165
5453
5814
3186
1229
3135
1695
1117
5941
3761
4506
2090
5710
5815
4229
495
3526
5200
4177
2449
640
932
1355
4905
5530
687
593
3512
1732
1148
4476
3350
189
3701
5812
1803
1435
5740
1559
859
3012
3183
2349
4193
1244
3699
4038
5173
5439
4241
746
2392
5894
3554
4447
5994
4500
1920
2537
3033
3979
2716
5143
5072
2019
622
995
5298
2123
2361
5948
4618
2872
416
3642
1631
1207
2632
3838
701
4837
115
455
3432
5760
2280
950
516
4723
3129
2735
1039
108
2424
477
1473
2218
821
1980
2868
2509
1648
3700
5870
550
3784
2609
10
668
3000
1044
4911
517
3487
3658
1927
1322
4878
1187
5233
237
2169
1403
1719
2943
2248
3257
1247
1912
3153
898
4388
5780
3775
5836
760
2138
4387
4750
2654
4552
3644
808
5709
5988
4658
716
1520
3481
3380
3348
1553
5763
5451
3835
3694
1752
624
3295
2156
4205
4962
1260
206
101
5879
5702
4638
5324
5513
603
5822
5441
2023
348
5307
3437
1804
5928
2507
4523
542
3461
2564
568
3582
3470
1908
4679
4714
4004
1960
5813
3011
42
5203
4732
3214
5111
367
4698
2535
5999
1540
913
2598
3744
5596
2477
2106
1733
3604
1806
5916
5661
994
3630
1130
955
870
5728
5610
4287
1519
4273
879
5410
2628
4274
216
5449
3250
4826
1495
1967
2366
2004
4090
849
4702
3424
3305
1992
838
2072
5856
1349
2721
3403
324
5476
234
1691
3530
3412
4486
5148
1022
2245
3671
2285
1558
2195
1742
5637
3605
2460
2184
3573
90
263
2993
5065
468
5761
483
4144
3788
1938
1332
5645
2265
4841
417
4934
294
4248
3893
2300
31
2732
1126
2272
2220
1581
3511
207
1245
5937
4963
2065
102
530
2765
3792
855
3944
3104
3020
4688
1302
3716
3903
2430
4025
3660
4313
2020
5720
1692
1364
4164
4032
398
4393
1009
4467
5737
3448
244
3013
4744
5773
3410
5638
1932
4699
1219
1749
2652
2357
3245
69
4604
4212
3951
1899
271
4396
2953
3718
5799
1212
77
3469
2145
3420
1358
2158
3598
690
4379
2445
4883
4145
113
1564
5469
3095
4037
5768
772
4888
4081
2951
4839
3724
5759
4286
4736
3346
1693
856
4562
3926
5352
3203
1532
4350
4254
4484
2643
3676
936
4799
5398
5942
5924
1856
3147
1755
3089
1037
3276
1462
813
4077
4752
1419
3939
3178
5676
4814
2541
1466
4831
5054
4203
1097
5246
3865
4540
2825
4763
5684
2398
4348
3226
341
2203
526
1360
5467
3884
5673
4521
5559
446
2789
2741
2341
5581
559
4764
1620
1798
725
1890
4427
988
22
3600
965
4994
2975
2850
4537
718
900
5880
1978
1575
3946
714
328
407
4871
4589
5395
1779
2087
864
1744
679
3994
822
5329
2896
4588
5844
2376
2686
4876
782
958
1816
3367
5500
3880
2387
5745
2658
1663
5427
3077
2875
5370
5424
3956
4680
5174
3663
5681
4665
4213
5468
1165
4280
3916
2750
4741
1370
3087
823
4031
4635
5267
4704
4652
1280
3211
2840
4707
2496
5624
5043
4967
2293
4292
3222
3113
99
5333
2905
4490
2153
5895
5932
3505
2610
387
1726
2165
5830
2250
5672
2773
3330
1964
1216
3763
1395
2268
2502
203
3692
3564
1186
4794
3659
2691
4260
4943
610
5187
5251
2329
2394
212
4423
4114
575
5123
447
2352
3009
1311
4676
5070
3339
5514
1892
1331
5270
3797
2677
2860
5134
12
3094
2448
1625
5755
1341
2386
2755
4761
2249
1901
5271
5183
1275
4155
3019
2232
4674
4442
1947
4933
5918
482
5489
1441
4018
4010
5807
4317
2396
5074
2179
4281
3101
1702
476
4492
2806
2464
1618
3371
4311
1607
1875
5171
1305
1542
2071
4684
3471
5657
2902
4494
2892
1068
2766
4285
2047
5913
2546
2808
9
731
4897
5820
5092
4181
1924
1579
3898
1404
4445
274
5179
2836
4329
4926
4250
861
957
1923
1956
493
1810
2983
5556
1671
5149
1928
3287
5431
3567
833
907
3198
2671
2337
3540
4298
2021
722
4380
3360
1228
3072
4867
5
5104
201
3073
149
2633
2524
461
2403
1589
1300
3378
1399
4143
4123
672
519
3144
1942
3407
4941
1785
3163
4315
504
3143
893
4124
4518
2297
361
1453
920
1368
2273
5560
2066
2393
2665
1405
3504
360
2964
4039
396
1566
1383
5058
3995
3061
4296
1874
3572
543
766
3128
3046
2594
4535
2764
410
2055
1246
3190
2048
1698
4700
2980
3802
5101
5089
5550
5618
0
5285
2028
3092
3588
2053
3825
106
4507
2916
2407
4547
3405
3757
5446
3522
1670
1865
5405
3484
5434
5614
5033
2140
3901
4632
4481
2467
728
4989
4703
5055
2744
4690
186
4179
1284
4687
4086
1979
3328
5783
4168
91
4270
3580
1318
15
4654
1188
942
826
3253
2451
5577
5628
177
1996
918
3238
1987
3136
5273
4385
3746
318
1937
4825
765
3030
1903
2662
2141
1995
2368
5748
4527
869
5534
1814
3168
4163
717
5335
3654
536
975
5226
736
1096
1181
1685
79
2897
3679
1677
3157
486
2645
5670
2317
5850
507
897
991
5545
2490
5622
967
662
2725
4189
1269
4817
5181
35
301
1715
884
3446
3742
343
1782
5876
4237
606
4575
179
4147
4981
3627
2644
1183
1206
1385
3388
1263
615
3223
4605
3323
413
5503
3493
4444
223
2893
5185
4512
5084
5094
2966
5095
1031
2611
3546
2077
2100
2602
86
2079
3351
3570
2333
2777
358
2978
384
2637
3772
4415
581
2970
2551
2813
3506
2135
4322
1813
1831
1961
2098
1267
711
1600
326
3941
2408
5098
1371
253
5349
4865